206
115
85
137
392
341
309
328
312
271
303
217
338
198
298
277
287
211
336
201
143
50
336
170
118
162
19
107
321
64
339
327
240
164
138
129
192
196
413
264
184
314
112
369
155
7
144
403
384
118
185
273
320
140
6
311
49
439
122
85
256
231
240
312
315
321
4
395
330
181
221
366
114
182
239
309
412
286
35
180
417
195
173
293
17
262
210
188
440
55
88
264
431
85
216
347
361
311
67
442
421
362
442
148
68
93
412
113
256
164
193
249
300
55
320
157
339
150
299
407
283
166
313
296
188
400
38
309
135
1
369
376
18
411
28
4
430
341
241
302
102
357
430
240
339
197
165
131
223
157
100
417
232
288
180
369
352
272
420
54
155
180
329
289
352
301
299
248
215
227
407
256
213
206
365
279
222
162
438
151
70
86
150
248
181
342
386
254
124
222
349
28
140
198
258
394
1
274
22
28
11
18
293
310
43
251
34
111
31
123
6
177
353
394
356
235
52
210
66
63
265
124
24
142
342
241
242
131
224
258
427
4
130
417
320
374
22
179
279
240
412
147
223
183
161
41
61
213
78
368
266
195
166
96
150
236
318
294
388
231
290
193
43
292
375
277
231
317
391
330
69
25
333
301
117
383
247
346
223
53
298
140
130
361
60
440
33
55
343
104
79
24
308
295
111
138
261
365
90
178
237
406
386
87
351
294
58
405
76
77
180
143
295
384
12
148
251
356
290
97
158
320
155
64
138
69
341
290
52
76
19
402
102
412
110
113
183
400
398
300
236
238
152
160
278
23
299
274
341
46
167
388
371
191
260
383
78
357
239
112
280
175
227
284
406
24
114
383
408
444
211
388
134
211
360
127
104
322
245
352
415
157
166
137
362
353
410
61
66
193
32
247
265
361
313
442
52
75
425
70
376
113
104
383
218
233
278
85
180
36
231
409
403
29
366
54
171
213
169
12
83
331
327
403
308
186
11
89
105
389
438
209
144
3
429
154
228
340
321
390
41
165
83
114
